%PDF-1.3
1 0 obj
<<
/Type /Pages
/Count 1
/Kids [ 3 0 R ]
>>
endobj
2 0 obj
<<
/Producer (PyPDF2)
>>
endobj
3 0 obj
<<
/Type /Page
/Parent 1 0 R
/MediaBox [ 0 0 1191 842 ]
/Contents 5 0 R
/VP [ <<
/Measure <<
/Subtype /RL
/A [ <<
/C 1
/U (\040)
>> ]
/D [ <<
/C 1
/U (\040)
>> ]
/X [ <<
/C 0.35279
/U (\040)
>> ]
/R (\040)
/Type /Measure
>>
/Type /Viewport
/BBox [ 0 0 1190 841 ]
>> <<
/Measure <<
/Subtype /RL
/A [ <<
/C 1
/U (\040)
>> ]
/D [ <<
/C 1
/U (\040)
>> ]
/X [ <<
/C 0.35275
/U (\040)
>> ]
/R (\040)
/Type /Measure
>>
/Type /Viewport
/BBox [ 85 56 952 813 ]
>> <<
/Measure <<
/Subtype /RL
/A [ <<
/C 1
/U (\040)
>> ]
/D [ <<
/C 1
/U (\040)
>> ]
/X [ <<
/C 0.17634
/U (\040)
>> ]
/R (\040)
/Type /Measure
>>
/Type /Viewport
/BBox [ 480 351 823 498 ]
>> ]
/Resources <<
/ExtGState <<
/GT255 6 0 R
/GT2557869b984-99c2-452b-9859-c4cc396dbf9f <<
/Type /ExtGState
/CA 1
/ca 1
/BM /Normal
>>
>>
/Font <<
/F1 7 0 R
/F1b88b0aac-f450-492a-a9f7-ecc43c809eb9 <<
/Type /Font
/Subtype /Type0
/BaseFont /FangSong_GB2312
/Encoding /Identity-H
/ToUnicode 12 0 R
/DescendantFonts [ <<
/Type /Font
/Subtype /CIDFontType2
/BaseFont /FangSong_GB2312
/FontDescriptor 13 0 R
/CIDSystemInfo <<
/Registry (PDFAUTOCAD)
/Ordering (Indentity0)
/Supplement 0
>>
/W 15 0 R
>> ]
>>
>>
/Properties <<
/oc1 16 0 R
/oc2 17 0 R
/oc3 18 0 R
/oc4 19 0 R
/oc5 20 0 R
/oc6 21 0 R
/oc7 22 0 R
/oc8 23 0 R
/oc9 24 0 R
/oc10 25 0 R
/oc11 26 0 R
/oc1e18002a0-14b7-4390-b797-5cc938c0e739 <<
/Type /OCG
/Name (þÿVþ\134B\000\040\0001)
>>
/oc290caa074-271d-4c92-bd51-f81b6e4b2726 <<
/Type /OCG
/Name (0)
>>
>>
/ProcSet [ /Text /PDF ]
>>
/Annots [ ]
>>
endobj
4 0 obj
<<
/Type /Catalog
/Pages 1 0 R
>>
endobj
5 0 obj
<<
/Length 248814
>>
stream
q
0.12 0 0 0.12 0 0 cm
q
4000 2926 m
6864 2926 l
6864 4158 l
4000 4158 l
4000 2926 l
W
n
Q
q
4000 2926 m
6864 2926 l
6864 4158 l
4000 4158 l
4000 2926 l
W
n
/F1 130.857 Tf
BT
0 0 0 RG
0 0 0 rg
/DeviceGray CS
/GT255 gs
/OC /oc1 BDC
1 0 0 1 5982 4050 Tm
0 Tc
69.92188 Tz
0 Tr
<094b1158056e0a4b> Tj
ET
Q
q
4000 2926 m
6864 2926 l
6864 4158 l
4000 4158 l
4000 2926 l
W
n
EMC
/OC /oc2 BDC
q
0 j
10 M
0 w
5971 4029 m
5971 4023 l
6361 4029 l
h
5971 4023 m
6361 4029 l
6361 4023 l
h
b
Q
2 w
1 j
1 J
5971 4002 m
6361 4002 l
S
/F1 130.857 Tf
BT
EMC
/OC /oc1 BDC
1 0 0 1 4565 4050 Tm
0 Tc
69.92188 Tz
0 Tr
<08d4112f056e0a4b> Tj
ET
EMC
/OC /oc2 BDC
q
0 j
10 M
0 w
4553 4029 m
4553 4023 l
4943 4029 l
h
4553 4023 m
4943 4029 l
4943 4023 l
h
b
Q
4553 4002 m
4943 4002 l
S
EMC
/OC /oc3 BDC
5646 3857 m
5646 3792 l
S
5646 3777 m
5646 3762 l
S
5646 3747 m
5646 3672 l
S
5646 3657 m
5646 3642 l
S
5646 3627 m
5646 3552 l
S
5646 3537 m
5646 3522 l
S
5646 3507 m
5646 3432 l
S
5646 3417 m
5646 3402 l
S
5646 3387 m
5646 3312 l
S
5646 3297 m
5646 3282 l
S
5646 3267 m
5646 3202 l
S
7 w
EMC
/OC /oc4 BDC
5624 3791 m
5624 3270 l
S
5667 3791 m
5667 3270 l
S
q
0 1 -1 0 5646.5 3820.5 cm
37.5 0 m
37.5 18.50154 20.71068 33.5 0 33.5 c
-20.71068 33.5 -37.5 18.50154 -37.5 0 c
-37.5 -18.50154 -20.71068 -33.5 0 -33.5 c
20.71068 -33.5 37.5 -18.50154 37.5 0 c
S
Q
q
0 1 -1 0 5646.5 3241.5 cm
38.5 0 m
38.5 18.50154 21.26296 33.5 0 33.5 c
-21.26296 33.5 -38.5 18.50154 -38.5 0 c
-38.5 -18.50154 -21.26296 -33.5 0 -33.5 c
21.26296 -33.5 38.5 -18.50154 38.5 0 c
S
Q
2 w
EMC
/OC /oc3 BDC
5835 3857 m
5835 3792 l
S
5835 3777 m
5835 3762 l
S
5835 3747 m
5835 3672 l
S
5835 3657 m
5835 3642 l
S
5835 3627 m
5835 3552 l
S
5835 3537 m
5835 3522 l
S
5835 3507 m
5835 3432 l
S
5835 3417 m
5835 3402 l
S
5835 3387 m
5835 3312 l
S
5835 3297 m
5835 3282 l
S
5835 3267 m
5835 3202 l
S
6166 3857 m
6166 3792 l
S
6166 3777 m
6166 3762 l
S
6166 3747 m
6166 3672 l
S
6166 3657 m
6166 3642 l
S
6166 3627 m
6166 3552 l
S
6166 3537 m
6166 3522 l
S
6166 3507 m
6166 3432 l
S
6166 3417 m
6166 3402 l
S
6166 3387 m
6166 3312 l
S
6166 3297 m
6166 3282 l
S
6166 3267 m
6166 3202 l
S
7 w
EMC
/OC /oc4 BDC
5814 3791 m
5814 3270 l
S
5856 3791 m
5856 3270 l
S
q
0 1 -1 0 5835.5 3820.5 cm
37.5 0 m
37.5 18.50154 20.71068 33.5 0 33.5 c
-20.71068 33.5 -37.5 18.50154 -37.5 0 c
-37.5 -18.50154 -20.71068 -33.5 0 -33.5 c
20.71068 -33.5 37.5 -18.50154 37.5 0 c
S
Q
q
0 1 -1 0 5835.5 3241.5 cm
38.5 0 m
38.5 18.50154 21.26296 33.5 0 33.5 c
-21.26296 33.5 -38.5 18.50154 -38.5 0 c
-38.5 -18.50154 -21.26296 -33.5 0 -33.5 c
21.26296 -33.5 38.5 -18.50154 38.5 0 c
S
Q
2 w
EMC
/OC /oc3 BDC
5613 3820 m
5663 3820 l
S
5678 3820 m
5693 3820 l
S
5708 3820 m
5783 3820 l
S
5798 3820 m
5813 3820 l
S
5828 3820 m
5903 3820 l
S
5918 3820 m
5933 3820 l
S
5948 3820 m
6023 3820 l
S
6038 3820 m
6053 3820 l
S
6068 3820 m
6143 3820 l
S
6158 3820 m
6173 3820 l
S
6188 3820 m
6263 3820 l
S
6278 3820 m
6293 3820 l
S
6308 3820 m
6383 3820 l
S
6398 3820 m
6413 3820 l
S
6428 3820 m
6503 3820 l
S
6518 3820 m
6533 3820 l
S
6548 3820 m
6623 3820 l
S
6638 3820 m
6653 3820 l
S
6668 3820 m
6718 3820 l
S
7 w
EMC
/OC /oc4 BDC
5675 3803 m
5805 3803 l
S
5675 3836 m
5805 3836 l
S
2 w
EMC
/OC /oc3 BDC
5613 3239 m
5663 3239 l
S
5678 3239 m
5693 3239 l
S
5708 3239 m
5783 3239 l
S
5798 3239 m
5813 3239 l
S
5828 3239 m
5903 3239 l
S
5918 3239 m
5933 3239 l
S
5948 3239 m
6023 3239 l
S
6038 3239 m
6053 3239 l
S
6068 3239 m
6143 3239 l
S
6158 3239 m
6173 3239 l
S
6188 3239 m
6263 3239 l
S
6278 3239 m
6293 3239 l
S
6308 3239 m
6383 3239 l
S
6398 3239 m
6413 3239 l
S
6428 3239 m
6503 3239 l
S
6518 3239 m
6533 3239 l
S
6548 3239 m
6623 3239 l
S
6638 3239 m
6653 3239 l
S
6668 3239 m
6718 3239 l
S
7 w
EMC
/OC /oc4 BDC
5676 3256 m
5804 3256 l
S
5675 3223 m
5806 3223 l
S
2 w
EMC
/OC /oc3 BDC
6685 3857 m
6685 3792 l
S
6685 3777 m
6685 3762 l
S
6685 3747 m
6685 3672 l
S
6685 3657 m
6685 3642 l
S
6685 3627 m
6685 3552 l
S
6685 3537 m
6685 3522 l
S
6685 3507 m
6685 3432 l
S
6685 3417 m
6685 3402 l
S
6685 3387 m
6685 3312 l
S
6685 3297 m
6685 3282 l
S
6685 3267 m
6685 3202 l
S
7 w
EMC
/OC /oc4 BDC
6707 3791 m
6707 3270 l
S
6664 3791 m
6664 3270 l
S
q
0 -1 1 0 6685.5 3820.5 cm
-37.5 0 m
-37.5 -18.50154 -20.71068 -33.5 0 -33.5 c
20.71068 -33.5 37.5 -18.50154 37.5 0 c
37.5 18.50154 20.71068 33.5 0 33.5 c
-20.71068 33.5 -37.5 18.50154 -37.5 0 c
S
Q
q
0 -1 1 0 6685.5 3241.5 cm
-38.5 0 m
-38.5 -18.50154 -21.26296 -33.5 0 -33.5 c
21.26296 -33.5 38.5 -18.50154 38.5 0 c
38.5 18.50154 21.26296 33.5 0 33.5 c
-21.26296 33.5 -38.5 18.50154 -38.5 0 c
S
Q
2 w
EMC
/OC /oc3 BDC
6496 3857 m
6496 3792 l
S
6496 3777 m
6496 3762 l
S
6496 3747 m
6496 3672 l
S
6496 3657 m
6496 3642 l
S
6496 3627 m
6496 3552 l
S
6496 3537 m
6496 3522 l
S
6496 3507 m
6496 3432 l
S
6496 3417 m
6496 3402 l
S
6496 3387 m
6496 3312 l
S
6496 3297 m
6496 3282 l
S
6496 3267 m
6496 3202 l
S
7 w
EMC
/OC /oc4 BDC
6518 3791 m
6518 3270 l
S
6475 3791 m
6475 3270 l
S
q
0 -1 1 0 6496.5 3820.5 cm
-37.5 0 m
-37.5 -18.50154 -20.71068 -33.5 0 -33.5 c
20.71068 -33.5 37.5 -18.50154 37.5 0 c
37.5 18.50154 20.71068 33.5 0 33.5 c
-20.71068 33.5 -37.5 18.50154 -37.5 0 c
S
Q
q
0 -1 1 0 6496.5 3241.5 cm
-38.5 0 m
-38.5 -18.50154 -21.26296 -33.5 0 -33.5 c
21.26296 -33.5 38.5 -18.50154 38.5 0 c
38.5 18.50154 21.26296 33.5 0 33.5 c
-21.26296 33.5 -38.5 18.50154 -38.5 0 c
S
Q
6656 3803 m
6526 3803 l
S
6656 3836 m
6526 3836 l
S
6655 3256 m
6527 3256 l
S
6656 3223 m
6526 3223 l
S
5865 3803 m
6467 3803 l
S
5865 3836 m
6467 3836 l
S
5865 3256 m
6466 3256 l
S
5864 3223 m
6467 3223 l
S
2 w
EMC
/OC /oc5 BDC
5646 3141 m
5646 3023 l
S
5835 3141 m
5835 3023 l
S
5681 3046 m
5799 3046 l
S
q
0 j
10 M
0 w
5681 3052 m
5681 3041 l
5646 3046 l
h
b
Q
q
0 j
10 M
0 w
5799 3052 m
5799 3041 l
5835 3046 l
h
b
Q
/F1 81.786 Tf
BT
1 0 0 1 5697 3065 Tm
0 Tc
69.92188 Tz
0 Tr
<001700130013> Tj
ET
5835 3141 m
5835 3023 l
S
6496 3141 m
6496 3023 l
S
5870 3046 m
6461 3046 l
S
q
0 j
10 M
0 w
5870 3052 m
5870 3041 l
5835 3046 l
h
b
Q
q
0 j
10 M
0 w
6461 3052 m
6461 3041 l
6496 3046 l
h
b
Q
/F1 81.786 Tf
BT
1 0 0 1 6107 3065 Tm
0 Tc
69.92188 Tz
0 Tr
<0014001700130013> Tj
ET
6496 3141 m
6496 3023 l
S
6685 3141 m
6685 3023 l
S
6532 3046 m
6650 3046 l
S
q
0 j
10 M
0 w
6532 3052 m
6532 3041 l
6496 3046 l
h
b
Q
q
0 j
10 M
0 w
6650 3052 m
6650 3041 l
6685 3046 l
h
b
Q
/F1 81.786 Tf
BT
1 0 0 1 6548 3065 Tm
0 Tc
69.92188 Tz
0 Tr
<001700130013> Tj
ET
5646 3043 m
5646 2926 l
S
6685 3043 m
6685 2926 l
S
5681 2948 m
6650 2948 l
S
q
0 j
10 M
0 w
5681 2954 m
5681 2942 l
5646 2948 l
h
b
Q
q
0 j
10 M
0 w
6650 2954 m
6650 2942 l
6685 2948 l
h
b
Q
/F1 81.786 Tf
BT
1 0 0 1 6108 2967 Tm
0 Tc
69.92188 Tz
0 Tr
<0015001500130013> Tj
ET
6747 3239 m
6864 3239 l
S
6747 3820 m
6864 3820 l
S
6842 3275 m
6842 3784 l
S
q
0 j
10 M
0 w
6836 3275 m
6848 3275 l
6842 3239 l
h
b
Q
q
0 j
10 M
0 w
6836 3784 m
6848 3784 l
6842 3820 l
h
b
Q
/F1 81.786 Tf
BT
0 1 -1 0 6823 3515 Tm
0 Tc
69.92188 Tz
0 Tr
<002b> Tj
ET
EMC
/OC /oc3 BDC
4228 3768 m
4228 3672 l
S
4228 3657 m
4228 3642 l
S
4228 3627 m
4228 3552 l
S
4228 3537 m
4228 3522 l
S
4228 3507 m
4228 3432 l
S
4228 3417 m
4228 3402 l
S
4228 3387 m
4228 3291 l
S
7 w
EMC
/OC /oc4 BDC
4207 3702 m
4207 3360 l
S
4249 3702 m
4249 3360 l
S
q
0 1 -1 0 4228.5 3730.5 cm
37.5 0 m
37.5 18.50154 20.71068 33.5 0 33.5 c
-20.71068 33.5 -37.5 18.50154 -37.5 0 c
-37.5 -18.50154 -20.71068 -33.5 0 -33.5 c
20.71068 -33.5 37.5 -18.50154 37.5 0 c
S
Q
q
0 1 -1 0 4228.5 3330.5 cm
38.5 0 m
38.5 18.50154 21.26296 33.5 0 33.5 c
-21.26296 33.5 -38.5 18.50154 -38.5 0 c
-38.5 -18.50154 -21.26296 -33.5 0 -33.5 c
21.26296 -33.5 38.5 -18.50154 38.5 0 c
S
Q
2 w
EMC
/OC /oc3 BDC
4417 3768 m
4417 3672 l
S
4417 3657 m
4417 3642 l
S
4417 3627 m
4417 3552 l
S
4417 3537 m
4417 3522 l
S
4417 3507 m
4417 3432 l
S
4417 3417 m
4417 3402 l
S
4417 3387 m
4417 3291 l
S
4748 3768 m
4748 3672 l
S
4748 3657 m
4748 3642 l
S
4748 3627 m
4748 3552 l
S
4748 3537 m
4748 3522 l
S
4748 3507 m
4748 3432 l
S
4748 3417 m
4748 3402 l
S
4748 3387 m
4748 3291 l
S
7 w
EMC
/OC /oc4 BDC
4396 3702 m
4396 3360 l
S
4438 3701 m
4438 3360 l
S
q
0 1 -1 0 4417.5 3730.5 cm
37.5 0 m
37.5 18.50154 20.71068 33.5 0 33.5 c
-20.71068 33.5 -37.5 18.50154 -37.5 0 c
-37.5 -18.50154 -20.71068 -33.5 0 -33.5 c
20.71068 -33.5 37.5 -18.50154 37.5 0 c
S
Q
q
0 1 -1 0 4417.5 3330.5 cm
38.5 0 m
38.5 18.50154 21.26296 33.5 0 33.5 c
-21.26296 33.5 -38.5 18.50154 -38.5 0 c
-38.5 -18.50154 -21.26296 -33.5 0 -33.5 c
21.26296 -33.5 38.5 -18.50154 38.5 0 c
S
Q
2 w
EMC
/OC /oc3 BDC
4195 3730 m
4245 3730 l
S
4260 3730 m
4275 3730 l
S
4290 3730 m
4365 3730 l
S
4380 3730 m
4395 3730 l
S
4410 3730 m
4485 3730 l
S
4500 3730 m
4515 3730 l
S
4530 3730 m
4605 3730 l
S
4620 3730 m
4635 3730 l
S
4650 3730 m
4725 3730 l
S
4740 3730 m
4755 3730 l
S
4770 3730 m
4845 3730 l
S
4860 3730 m
4875 3730 l
S
4890 3730 m
4965 3730 l
S
4980 3730 m
4995 3730 l
S
5010 3730 m
5085 3730 l
S
5100 3730 m
5115 3730 l
S
5130 3730 m
5206 3730 l
S
5221 3730 m
5236 3730 l
S
5251 3730 m
5301 3730 l
S
7 w
EMC
/OC /oc4 BDC
4258 3714 m
4387 3714 l
S
4258 3747 m
4387 3747 l
S
2 w
EMC
/OC /oc3 BDC
4195 3328 m
4245 3328 l
S
4260 3328 m
4275 3328 l
S
4290 3328 m
4365 3328 l
S
4380 3328 m
4395 3328 l
S
4410 3328 m
4485 3328 l
S
4500 3328 m
4515 3328 l
S
4530 3328 m
4605 3328 l
S
4620 3328 m
4635 3328 l
S
4650 3328 m
4725 3328 l
S
4740 3328 m
4755 3328 l
S
4770 3328 m
4845 3328 l
S
4860 3328 m
4875 3328 l
S
4890 3328 m
4965 3328 l
S
4980 3328 m
4995 3328 l
S
5010 3328 m
5085 3328 l
S
5100 3328 m
5115 3328 l
S
5130 3328 m
5206 3328 l
S
5221 3328 m
5236 3328 l
S
5251 3328 m
5301 3328 l
S
7 w
EMC
/OC /oc4 BDC
4259 3345 m
4387 3345 l
S
4257 3312 m
4388 3312 l
S
2 w
EMC
/OC /oc3 BDC
4323 3730 m
4285 3651 l
S
4279 3638 m
4272 3624 l
S
4266 3610 m
4228 3531 l
S
7 w
EMC
/OC /oc4 BDC
4322 3714 m
4249 3561 l
S
4308 3714 m
4249 3591 l
S
2 w
EMC
/OC /oc3 BDC
5268 3768 m
5268 3672 l
S
5268 3657 m
5268 3642 l
S
5268 3627 m
5268 3552 l
S
5268 3537 m
5268 3522 l
S
5268 3507 m
5268 3432 l
S
5268 3417 m
5268 3402 l
S
5268 3387 m
5268 3291 l
S
7 w
EMC
/OC /oc4 BDC
5289 3702 m
5289 3360 l
S
5246 3702 m
5246 3360 l
S
q
0 -1 1 0 5268.5 3730.5 cm
-37.5 0 m
-37.5 -18.50154 -20.71068 -33.5 0 -33.5 c
20.71068 -33.5 37.5 -18.50154 37.5 0 c
37.5 18.50154 20.71068 33.5 0 33.5 c
-20.71068 33.5 -37.5 18.50154 -37.5 0 c
S
Q
q
0 -1 1 0 5268.5 3330.5 cm
-38.5 0 m
-38.5 -18.50154 -21.26296 -33.5 0 -33.5 c
21.26296 -33.5 38.5 -18.50154 38.5 0 c
38.5 18.50154 21.26296 33.5 0 33.5 c
-21.26296 33.5 -38.5 18.50154 -38.5 0 c
S
Q
2 w
EMC
/OC /oc3 BDC
5079 3768 m
5079 3672 l
S
5079 3657 m
5079 3642 l
S
5079 3627 m
5079 3552 l
S
5079 3537 m
5079 3522 l
S
5079 3507 m
5079 3432 l
S
5079 3417 m
5079 3402 l
S
5079 3387 m
5079 3291 l
S
7 w
EMC
/OC /oc4 BDC
5100 3702 m
5100 3360 l
S
5057 3701 m
5057 3360 l
S
q
0 -1 1 0 5079.5 3730.5 cm
-37.5 0 m
-37.5 -18.50154 -20.71068 -33.5 0 -33.5 c
20.71068 -33.5 37.5 -18.50154 37.5 0 c
37.5 18.50154 20.71068 33.5 0 33.5 c
-20.71068 33.5 -37.5 18.50154 -37.5 0 c
S
Q
q
0 -1 1 0 5079.5 3330.5 cm
-38.5 0 m
-38.5 -18.50154 -21.26296 -33.5 0 -33.5 c
21.26296 -33.5 38.5 -18.50154 38.5 0 c
38.5 18.50154 21.26296 33.5 0 33.5 c
-21.26296 33.5 -38.5 18.50154 -38.5 0 c
S
Q
5238 3714 m
5108 3714 l
S
5238 3747 m
5108 3747 l
S
5237 3345 m
5109 3345 l
S
5238 3312 m
5108 3312 l
S
4447 3714 m
5049 3714 l
S
4447 3747 m
5049 3747 l
S
4448 3345 m
5048 3345 l
S
4446 3312 m
5049 3312 l
S
2 w
EMC
/OC /oc5 BDC
4171 3730 m
4053 3730 l
S
4171 3328 m
4053 3328 l
S
4076 3695 m
4076 3364 l
S
q
0 j
10 M
0 w
4071 3695 m
4082 3695 l
4076 3730 l
h
b
Q
q
0 j
10 M
0 w
4071 3364 m
4082 3364 l
4076 3328 l
h
b
Q
/F1 81.786 Tf
BT
0 1 -1 0 4058 3486 Tm
0 Tc
69.92188 Tz
0 Tr
<001b00180013> Tj
ET
4228 3264 m
4228 3146 l
S
4417 3264 m
4417 3146 l
S
4263 3169 m
4382 3169 l
S
q
0 j
10 M
0 w
4263 3175 m
4263 3163 l
4228 3169 l
h
b
Q
q
0 j
10 M
0 w
4382 3175 m
4382 3163 l
4417 3169 l
h
b
Q
/F1 81.786 Tf
BT
1 0 0 1 4279 3188 Tm
0 Tc
69.92188 Tz
0 Tr
<001700130013> Tj
ET
4417 3264 m
4417 3146 l
S
5079 3264 m
5079 3146 l
S
4453 3169 m
5043 3169 l
S
q
0 j
10 M
0 w
4453 3175 m
4453 3163 l
4417 3169 l
h
b
Q
q
0 j
10 M
0 w
5043 3175 m
5043 3163 l
5079 3169 l
h
b
Q
/F1 81.786 Tf
BT
1 0 0 1 4689 3188 Tm
0 Tc
69.92188 Tz
0 Tr
<0014001700130013> Tj
ET
5079 3264 m
5079 3146 l
S
5268 3264 m
5268 3146 l
S
5114 3169 m
5232 3169 l
S
q
0 j
10 M
0 w
5114 3175 m
5114 3163 l
5079 3169 l
h
b
Q
q
0 j
10 M
0 w
5232 3175 m
5232 3163 l
5268 3169 l
h
b
Q
/F1 81.786 Tf
BT
1 0 0 1 5130 3188 Tm
0 Tc
69.92188 Tz
0 Tr
<001700130013> Tj
ET
4228 3167 m
4228 3048 l
S
5268 3167 m
5268 3048 l
S
4263 3072 m
5232 3072 l
S
q
0 j
10 M
0 w
4263 3078 m
4263 3066 l
4228 3072 l
h
b
Q
q
0 j
10 M
0 w
5232 3078 m
5232 3066 l
5268 3072 l
h
b
Q
/F1 81.786 Tf
BT
1 0 0 1 4690 3091 Tm
0 Tc
69.92188 Tz
0 Tr
<0015001500130013> Tj
ET
EMC
/OC /oc3 BDC
4323 3730 m
4360 3651 l
S
4367 3638 m
4373 3624 l
S
4379 3610 m
4417 3531 l
S
7 w
EMC
/OC /oc4 BDC
4323 3714 m
4396 3561 l
S
4338 3714 m
4396 3591 l
S
2 w
EMC
/OC /oc3 BDC
4323 3329 m
4285 3408 l
S
4279 3421 m
4272 3435 l
S
4266 3449 m
4228 3528 l
S
7 w
EMC
/OC /oc4 BDC
4322 3345 m
4249 3498 l
S
4308 3345 m
4249 3468 l
S
2 w
EMC
/OC /oc3 BDC
4323 3329 m
4360 3408 l
S
4367 3421 m
4373 3435 l
S
4379 3449 m
4417 3528 l
S
7 w
EMC
/OC /oc4 BDC
4323 3345 m
4396 3498 l
S
4338 3345 m
4396 3468 l
S
2 w
EMC
/OC /oc3 BDC
4228 3529 m
4300 3529 l
S
4315 3529 m
4330 3529 l
S
4345 3529 m
4417 3529 l
S
7 w
EMC
/OC /oc4 BDC
4249 3523 m
4396 3523 l
S
4249 3536 m
4396 3536 l
S
2 w
EMC
/OC /oc3 BDC
5173 3730 m
5211 3651 l
S
5217 3638 m
5224 3624 l
S
5230 3610 m
5268 3531 l
S
7 w
EMC
/OC /oc4 BDC
5174 3714 m
5246 3561 l
S
5188 3714 m
5246 3591 l
S
2 w
EMC
/OC /oc3 BDC
5173 3730 m
5136 3651 l
S
5129 3638 m
5123 3624 l
S
5116 3610 m
5079 3531 l
S
7 w
EMC
/OC /oc4 BDC
5173 3714 m
5100 3561 l
S
5158 3714 m
5100 3591 l
S
2 w
EMC
/OC /oc3 BDC
5173 3329 m
5211 3408 l
S
5217 3421 m
5224 3435 l
S
5230 3449 m
5268 3528 l
S
7 w
EMC
/OC /oc4 BDC
5174 3345 m
5246 3498 l
S
5188 3345 m
5246 3468 l
S
2 w
EMC
/OC /oc3 BDC
5173 3329 m
5136 3408 l
S
5129 3421 m
5123 3435 l
S
5116 3449 m
5079 3528 l
S
7 w
EMC
/OC /oc4 BDC
5173 3345 m
5100 3498 l
S
5158 3345 m
5100 3468 l
S
2 w
EMC
/OC /oc3 BDC
5268 3529 m
5196 3529 l
S
5181 3529 m
5166 3529 l
S
5151 3529 m
5079 3529 l
S
7 w
EMC
/OC /oc4 BDC
5246 3523 m
5100 3523 l
S
5246 3536 m
5100 3536 l
S
2 w
EMC
/OC /oc3 BDC
5740 3820 m
5778 3741 l
S
5784 3727 m
5791 3713 l
S
5797 3700 m
5835 3621 l
S
7 w
EMC
/OC /oc4 BDC
5741 3803 m
5814 3651 l
S
5755 3803 m
5814 3681 l
S
2 w
EMC
/OC /oc3 BDC
5740 3820 m
5703 3741 l
S
5696 3727 m
5690 3713 l
S
5683 3700 m
5646 3621 l
S
7 w
EMC
/OC /oc4 BDC
5740 3803 m
5667 3651 l
S
5725 3803 m
5667 3681 l
S
2 w
EMC
/OC /oc3 BDC
5740 3239 m
5778 3319 l
S
5784 3332 m
5791 3346 l
S
5797 3359 m
5835 3438 l
S
7 w
EMC
/OC /oc4 BDC
5741 3256 m
5814 3409 l
S
5755 3256 m
5814 3379 l
S
2 w
EMC
/OC /oc3 BDC
5740 3239 m
5703 3319 l
S
5696 3332 m
5690 3346 l
S
5683 3359 m
5646 3438 l
S
7 w
EMC
/OC /oc4 BDC
5740 3256 m
5667 3409 l
S
5725 3256 m
5667 3379 l
S
2 w
EMC
/OC /oc3 BDC
5835 3621 m
5763 3621 l
S
5748 3621 m
5733 3621 l
S
5718 3621 m
5646 3621 l
S
7 w
EMC
/OC /oc4 BDC
5814 3614 m
5667 3614 l
S
5814 3627 m
5667 3627 l
S
2 w
EMC
/OC /oc3 BDC
5835 3438 m
5763 3438 l
S
5748 3438 m
5733 3438 l
S
5718 3438 m
5646 3438 l
S
7 w
EMC
/OC /oc4 BDC
5814 3445 m
5667 3445 l
S
5814 3432 m
5667 3432 l
S
2 w
EMC
/OC /oc3 BDC
6591 3820 m
6553 3741 l
S
6547 3727 m
6540 3713 l
S
6534 3700 m
6496 3621 l
S
7 w
EMC
/OC /oc4 BDC
6590 3803 m
6518 3651 l
S
6576 3803 m
6518 3681 l
S
2 w
EMC
/OC /oc3 BDC
6591 3820 m
6629 3741 l
S
6635 3727 m
6641 3713 l
S
6648 3700 m
6685 3621 l
S
7 w
EMC
/OC /oc4 BDC
6592 3803 m
6664 3651 l
S
6606 3803 m
6664 3681 l
S
2 w
EMC
/OC /oc3 BDC
6591 3239 m
6553 3319 l
S
6547 3332 m
6540 3346 l
S
6534 3359 m
6496 3438 l
S
7 w
EMC
/OC /oc4 BDC
6590 3256 m
6518 3409 l
S
6576 3256 m
6518 3379 l
S
2 w
EMC
/OC /oc3 BDC
6591 3239 m
6629 3319 l
S
6635 3332 m
6641 3346 l
S
6648 3359 m
6685 3438 l
S
7 w
EMC
/OC /oc4 BDC
6592 3256 m
6664 3409 l
S
6606 3256 m
6664 3379 l
S
2 w
EMC
/OC /oc3 BDC
6496 3621 m
6568 3621 l
S
6583 3621 m
6598 3621 l
S
6613 3621 m
6685 3621 l
S
7 w
EMC
/OC /oc4 BDC
6518 3614 m
6664 3614 l
S
6518 3627 m
6664 3627 l
S
2 w
EMC
/OC /oc3 BDC
6496 3438 m
6568 3438 l
S
6583 3438 m
6598 3438 l
S
6613 3438 m
6685 3438 l
S
7 w
EMC
/OC /oc4 BDC
6518 3445 m
6664 3445 l
S
6518 3432 m
6664 3432 l
S
5894 3803 m
5894 3256 l
S
5918 3803 m
5918 3256 l
S
2 w
EMC
/OC /oc3 BDC
5906 3820 m
5906 3732 l
S
5906 3717 m
5906 3702 l
S
5906 3687 m
5906 3612 l
S
5906 3597 m
5906 3582 l
S
5906 3567 m
5906 3492 l
S
5906 3477 m
5906 3462 l
S
5906 3447 m
5906 3372 l
S
5906 3357 m
5906 3342 l
S
5906 3327 m
5906 3239 l
S
7 w
EMC
/OC /oc4 BDC
6438 3803 m
6438 3256 l
S
6414 3803 m
6414 3256 l
S
2 w
EMC
/OC /oc3 BDC
6426 3820 m
6426 3732 l
S
6426 3717 m
6426 3702 l
S
6426 3687 m
6426 3612 l
S
6426 3597 m
6426 3582 l
S
6426 3567 m
6426 3492 l
S
6426 3477 m
6426 3462 l
S
6426 3447 m
6426 3372 l
S
6426 3357 m
6426 3342 l
S
6426 3327 m
6426 3239 l
S
5929 3820 m
5962 3780 l
S
5971 3768 m
5981 3756 l
S
5990 3745 m
6038 3687 l
S
6047 3675 m
6057 3663 l
S
6066 3652 m
6113 3594 l
S
6123 3582 m
6132 3570 l
S
6142 3559 m
6189 3500 l
S
6199 3489 m
6208 3477 l
S
6218 3465 m
6265 3407 l
S
6275 3396 m
6284 3384 l
S
6294 3372 m
6341 3314 l
S
6350 3303 m
6360 3291 l
S
6369 3279 m
6402 3239 l
S
7 w
EMC
/OC /oc4 BDC
5927 3803 m
6373 3256 l
S
5958 3803 m
6404 3256 l
S
2 w
EMC
/OC /oc3 BDC
6402 3820 m
6369 3780 l
S
6360 3768 m
6350 3756 l
S
6341 3745 m
6294 3687 l
S
6284 3675 m
6275 3663 l
S
6265 3652 m
6218 3594 l
S
6208 3582 m
6199 3570 l
S
6189 3559 m
6142 3500 l
S
6132 3489 m
6123 3477 l
S
6113 3465 m
6066 3407 l
S
6057 3396 m
6047 3384 l
S
6038 3372 m
5990 3314 l
S
5981 3303 m
5971 3291 l
S
5962 3279 m
5929 3239 l
S
7 w
EMC
/OC /oc4 BDC
6404 3803 m
5958 3256 l
S
6373 3803 m
5927 3256 l
S
4476 3714 m
4476 3345 l
S
4500 3714 m
4500 3345 l
S
2 w
EMC
/OC /oc3 BDC
4488 3730 m
4488 3664 l
S
4488 3649 m
4488 3634 l
S
4488 3619 m
4488 3544 l
S
4488 3529 m
4488 3514 l
S
4488 3499 m
4488 3424 l
S
4488 3409 m
4488 3394 l
S
4488 3378 m
4488 3312 l
S
7 w
EMC
/OC /oc4 BDC
5020 3714 m
5020 3345 l
S
4996 3714 m
4996 3345 l
S
2 w
EMC
/OC /oc3 BDC
5008 3730 m
5008 3664 l
S
5008 3649 m
5008 3634 l
S
5008 3619 m
5008 3544 l
S
5008 3529 m
5008 3514 l
S
5008 3499 m
5008 3424 l
S
5008 3409 m
5008 3394 l
S
5008 3378 m
5008 3312 l
S
4512 3730 m
4548 3700 l
S
4559 3690 m
4571 3680 l
S
4582 3670 m
4639 3622 l
S
4651 3612 m
4662 3602 l
S
4674 3593 m
4731 3544 l
S
4742 3534 m
4754 3525 l
S
4765 3515 m
4822 3466 l
S
4834 3456 m
4845 3447 l
S
4856 3437 m
4914 3388 l
S
4925 3379 m
4937 3369 l
S
4948 3359 m
4984 3328 l
S
7 w
EMC
/OC /oc4 BDC
4513 3714 m
4946 3345 l
S
4550 3714 m
4983 3345 l
S
2 w
EMC
/OC /oc3 BDC
4984 3730 m
4948 3700 l
S
4937 3690 m
4925 3680 l
S
4914 3670 m
4856 3622 l
S
4845 3612 m
4834 3602 l
S
4822 3593 m
4765 3544 l
S
4754 3534 m
4742 3525 l
S
4731 3515 m
4674 3466 l
S
4662 3456 m
4651 3447 l
S
4639 3437 m
4582 3388 l
S
4571 3379 m
4559 3369 l
S
4548 3359 m
4512 3328 l
S
7 w
EMC
/OC /oc4 BDC
4983 3714 m
4550 3345 l
S
4946 3714 m
4513 3345 l
S
Q
q
709 473 m
7935 473 l
7935 6777 l
709 6777 l
709 473 l
W
n
2 w
1 j
1 J
EMC
/OC /oc3 BDC
2149 3738 m
2149 3780 l
S
2149 3795 m
2149 3810 l
S
2149 3825 m
2149 3900 l
S
2149 3915 m
2149 3930 l
S
2149 3945 m
2149 4020 l
S
2149 4035 m
2149 4050 l
S
2149 4065 m
2149 4140 l
S
2149 4155 m
2149 4170 l
S
2149 4185 m
2149 4260 l
S
2149 4275 m
2149 4290 l
S
2149 4305 m
2149 4380 l
S
2149 4395 m
2149 4410 l
S
2149 4425 m
2149 4500 l
S
2149 4515 m
2149 4530 l
S
2149 4545 m
2149 4620 l
S
2149 4635 m
2149 4650 l
S
2149 4665 m
2149 4740 l
S
2149 4755 m
2149 4770 l
S
2149 4785 m
2149 4860 l
S
2149 4875 m
2149 4890 l
S
2149 4905 m
2149 4980 l
S
2149 4995 m
2149 5010 l
S
2149 5024 m
2149 5099 l
S
2149 5114 m
2149 5129 l
S
2149 5144 m
2149 5219 l
S
2149 5234 m
2149 5249 l
S
2149 5264 m
2149 5339 l
S
2149 5354 m
2149 5369 l
S
2149 5384 m
2149 5459 l
S
2149 5474 m
2149 5489 l
S
2149 5504 m
2149 5579 l
S
2149 5594 m
2149 5609 l
S
2149 5624 m
2149 5699 l
S
2149 5714 m
2149 5729 l
S
2149 5744 m
2149 5786 l
S
2101 3723 m
2101 3772 l
S
2101 3787 m
2101 3802 l
S
2101 3817 m
2101 3892 l
S
2101 3907 m
2101 3922 l
S
2101 3937 m
2101 4012 l
S
2101 4027 m
2101 4042 l
S
2101 4057 m
2101 4132 l
S
2101 4147 m
2101 4162 l
S
2101 4177 m
2101 4252 l
S
2101 4267 m
2101 4282 l
S
2101 4297 m
2101 4372 l
S
2101 4387 m
2101 4402 l
S
2101 4417 m
2101 4492 l
S
2101 4507 m
2101 4522 l
S
2101 4537 m
2101 4612 l
S
2101 4627 m
2101 4642 l
S
2101 4657 m
2101 4732 l
S
2101 4747 m
2101 4762 l
S
2101 4777 m
2101 4852 l
S
2101 4867 m
2101 4882 l
S
2101 4897 m
2101 4972 l
S
2101 4987 m
2101 5002 l
S
2101 5017 m
2101 5092 l
S
2101 5107 m
2101 5122 l
S
2101 5137 m
2101 5212 l
S
2101 5227 m
2101 5242 l
S
2101 5257 m
2101 5332 l
S
2101 5347 m
2101 5362 l
S
2101 5377 m
2101 5452 l
S
2101 5467 m
2101 5482 l
S
2101 5497 m
2101 5572 l
S
2101 5587 m
2101 5602 l
S
2101 5617 m
2101 5692 l
S
2101 5707 m
2101 5722 l
S
2101 5737 m
2101 5786 l
S
2196 3797 m
2196 3869 l
S
2196 3884 m
2196 3899 l
S
2196 3914 m
2196 3989 l
S
2196 4004 m
2196 4019 l
S
2196 4034 m
2196 4109 l
S
2196 4124 m
2196 4139 l
S
2196 4154 m
2196 4229 l
S
2196 4244 m
2196 4259 l
S
2196 4274 m
2196 4349 l
S
2196 4364 m
2196 4379 l
S
2196 4394 m
2196 4469 l
S
2196 4484 m
2196 4499 l
S
2196 4514 m
2196 4589 l
S
2196 4604 m
2196 4619 l
S
2196 4634 m
2196 4709 l
S
2196 4724 m
2196 4739 l
S
2196 4754 m
2196 4829 l
S
2196 4844 m
2196 4859 l
S
2196 4874 m
2196 4949 l
S
2196 4964 m
2196 4979 l
S
2196 4994 m
2196 5069 l
S
2196 5084 m
2196 5099 l
S
2196 5114 m
2196 5189 l
S
2196 5204 m
2196 5219 l
S
2196 5234 m
2196 5309 l
S
2196 5324 m
2196 5339 l
S
2196 5354 m
2196 5429 l
S
2196 5444 m
2196 5459 l
S
2196 5474 m
2196 5549 l
S
2196 5564 m
2196 5579 l
S
2196 5594 m
2196 5669 l
S
2196 5684 m
2196 5699 l
S
2196 5714 m
2196 5786 l
S
7 w
EMC
/OC /oc6 BDC
2084 3709 m
2084 3823 l
2149 3823 l
2214 3823 l
2214 3811 l
2149 3760 l
2084 3709 l
S
2092 5786 m
2205 5786 l
S
2111 5744 m
2186 5744 l
S
2092 3823 m
2092 5786 l
S
2111 3823 m
2111 5786 l
S
2 w
EMC
/OC /oc7 BDC
2092 3715 m
2092 3722 l
S
2092 3728 m
2092 3740 l
S
2092 3746 m
2092 3757 l
S
2092 3763 m
2092 3775 l
S
2092 3781 m
2092 3793 l
S
2092 3799 m
2092 3811 l
S
2092 3816 m
2092 3823 l
S
2111 3730 m
2111 3738 l
S
2111 3744 m
2111 3756 l
S
2111 3762 m
2111 3774 l
S
2111 3780 m
2111 3792 l
S
2111 3797 m
2111 3809 l
S
2111 3815 m
2111 3823 l
S
7 w
EMC
/OC /oc6 BDC
2186 3823 m
2186 5786 l
S
2205 3823 m
2205 5786 l
S
2 w
EMC
/OC /oc7 BDC
2186 3790 m
2186 3804 l
S
2186 3810 m
2186 3823 l
S
2205 3805 m
2205 3811 l
S
2205 3817 m
2205 3823 l
S
EMC
/OC /oc8 BDC
2111 3906 m
2186 3906 l
S
2111 3896 m
2186 3896 l
S
EMC
/OC /oc7 BDC
2107 3901 m
2107 3902 l
2106 3903 l
2106 3904 l
2105 3905 l
2104 3905 l
2104 3906 l
2103 3906 l
2102 3906 l
2101 3906 l
2100 3906 l
2099 3906 l
S
2096 3901 m
2096 3900 l
2097 3899 l
2097 3898 l
2098 3897 l
2099 3897 l
2100 3896 l
2101 3896 l
2102 3896 l
2103 3896 l
2104 3896 l
2104 3897 l
S
2201 3901 m
2201 3902 l
2201 3903 l
2200 3904 l
2200 3905 l
2199 3905 l
2198 3906 l
2197 3906 l
2196 3906 l
2195 3906 l
2194 3906 l
2193 3906 l
S
2191 3901 m
2191 3900 l
2191 3899 l
2192 3898 l
2192 3897 l
2193 3897 l
2194 3896 l
2195 3896 l
2196 3896 l
2197 3896 l
2198 3896 l
2199 3897 l
S
EMC
/OC /oc3 BDC
2092 3901 m
2205 3901 l
S
EMC
/OC /oc8 BDC
2111 3977 m
2186 3977 l
S
2111 3967 m
2186 3967 l
S
EMC
/OC /oc7 BDC
2107 3972 m
2107 3973 l
2106 3974 l
2106 3975 l
2105 3976 l
2104 3976 l
2104 3977 l
2103 3977 l
2102 3977 l
2101 3977 l
2100 3977 l
2099 3977 l
S
2096 3972 m
2096 3971 l
2096 3970 l
2097 3970 l
2097 3969 l
2098 3968 l
2099 3967 l
2100 3967 l
2101 3967 l
2102 3967 l
2103 3967 l
2104 3967 l
S
2201 3972 m
2201 3973 l
2201 3974 l
2200 3975 l
2200 3976 l
2199 3976 l
2198 3977 l
2197 3977 l
2196 3977 l
2195 3977 l
2194 3977 l
2193 3977 l
S
2191 3972 m
2191 3971 l
2191 3970 l
2192 3969 l
2192 3968 l
2193 3967 l
2194 3967 l
2195 3967 l
2196 3967 l
2197 3967 l
2198 3967 l
2199 3967 l
S
EMC
/OC /oc3 BDC
2092 3972 m
2205 3972 l
S
EMC
/OC /oc8 BDC
2111 4048 m
2186 4048 l
S
2111 4038 m
2186 4038 l
S
EMC
/OC /oc7 BDC
2107 4043 m
2107 4044 l
2106 4045 l
2106 4046 l
2105 4047 l
2104 4047 l
2104 4048 l
2103 4048 l
2102 4048 l
2101 4048 l
2100 4048 l
2099 4047 l
S
2096 4043 m
2096 4042 l
2096 4041 l
2097 4040 l
2098 4039 l
2099 4038 l
2100 4038 l
2101 4038 l
2102 4038 l
2103 4038 l
2104 4038 l
S
2201 4043 m
2201 4044 l
2201 4045 l
2200 4046 l
2200 4047 l
2199 4047 l
2198 4048 l
2197 4048 l
2196 4048 l
2195 4048 l
2194 4048 l
2193 4047 l
S
2191 4043 m
2191 4042 l
2191 4041 l
2191 4040 l
2192 4040 l
2192 4039 l
2193 4038 l
2194 4038 l
2195 4038 l
2196 4038 l
2197 4038 l
2198 4038 l
2199 4038 l
S
EMC
/OC /oc3 BDC
2092 4043 m
2205 4043 l
S
EMC
/OC /oc8 BDC
2111 4119 m
2186 4119 l
S
2111 4108 m
2186 4108 l
S
EMC
/OC /oc7 BDC
2107 4114 m
2107 4115 l
2106 4116 l
2106 4117 l
2105 4117 l
2104 4118 l
2104 4119 l
2103 4119 l
2102 4119 l
2101 4119 l
2100 4119 l
2099 4118 l
S
2096 4114 m
2096 4113 l
2096 4112 l
2097 4111 l
2097 4110 l
2098 4110 l
2099 4109 l
2100 4109 l
2101 4108 l
2102 4108 l
2103 4109 l
2104 4109 l
S
2201 4114 m
2201 4115 l
2201 4116 l
2200 4117 l
2199 4118 l
2198 4119 l
2197 4119 l
2196 4119 l
2195 4119 l
2194 4119 l
2193 4118 l
S
2191 4114 m
2191 4113 l
2191 4112 l
2191 4111 l
2192 4110 l
2193 4109 l
2194 4109 l
2195 4108 l
2196 4108 l
2197 4109 l
2198 4109 l
2199 4109 l
S
EMC
/OC /oc3 BDC
2092 4114 m
2205 4114 l
S
EMC
/OC /oc8 BDC
2111 4190 m
2186 4190 l
S
2111 4179 m
2186 4179 l
S
EMC
/OC /oc7 BDC
2107 4185 m
2107 4186 l
2106 4187 l
2105 4188 l
2104 4189 l
2103 4190 l
2102 4190 l
2101 4190 l
2100 4190 l
2099 4189 l
S
2096 4185 m
2096 4184 l
2096 4183 l
2097 4182 l
2097 4181 l
2098 4181 l
2099 4180 l
2100 4180 l
2101 4179 l
2102 4179 l
2103 4179 l
2104 4180 l
S
2201 4185 m
2201 4186 l
2201 4187 l
2200 4187 l
2200 4188 l
2199 4189 l
2198 4189 l
2197 4190 l
2196 4190 l
2195 4190 l
2194 4190 l
2193 4189 l
S
2191 4185 m
2191 4184 l
2191 4183 l
2191 4182 l
2192 4181 l
2193 4180 l
2194 4180 l
2195 4179 l
2196 4179 l
2197 4179 l
2198 4180 l
2199 4180 l
S
EMC
/OC /oc3 BDC
2092 4185 m
2205 4185 l
S
EMC
/OC /oc8 BDC
2111 4261 m
2186 4261 l
S
2111 4250 m
2186 4250 l
S
EMC
/OC /oc7 BDC
2107 4255 m
2107 4256 l
2106 4257 l
2106 4258 l
2105 4259 l
2104 4260 l
2103 4261 l
2102 4261 l
2101 4261 l
2100 4260 l
2099 4260 l
S
2096 4255 m
2096 4254 l
2097 4253 l
2097 4252 l
2098 4251 l
2099 4251 l
2100 4250 l
2101 4250 l
2102 4250 l
2103 4250 l
2104 4251 l
S
2201 4255 m
2201 4256 l
2201 4257 l
2200 4258 l
2200 4259 l
2199 4260 l
2198 4260 l
2197 4261 l
2196 4261 l
2195 4261 l
2194 4260 l
2193 4260 l
S
2191 4255 m
2191 4254 l
2191 4253 l
2192 4252 l
2192 4251 l
2193 4251 l
2194 4250 l
2195 4250 l
2196 4250 l
2197 4250 l
2198 4251 l
2199 4251 l
S
EMC
/OC /oc3 BDC
2092 4255 m
2205 4255 l
S
EMC
/OC /oc8 BDC
2111 4332 m
2186 4332 l
S
2111 4321 m
2186 4321 l
S
EMC
/OC /oc7 BDC
2107 4326 m
2107 4327 l
2106 4328 l
2106 4329 l
2105 4330 l
2104 4331 l
2103 4331 l
2102 4332 l
2101 4332 l
2100 4331 l
2099 4331 l
S
2096 4326 m
2096 4325 l
2097 4324 l
2097 4323 l
2098 4322 l
2099 4322 l
2100 4321 l
2101 4321 l
2102 4321 l
2103 4321 l
2104 4321 l
2104 4322 l
S
2201 4326 m
2201 4327 l
2201 4328 l
2200 4329 l
2200 4330 l
2199 4331 l
2198 4331 l
2197 4331 l
2196 4332 l
2195 4332 l
2194 4331 l
2193 4331 l
S
2191 4326 m
2191 4325 l
2191 4324 l
2192 4323 l
2192 4322 l
2193 4322 l
2194 4321 l
2195 4321 l
2196 4321 l
2197 4321 l
2198 4321 l
2199 4322 l
S
EMC
/OC /oc3 BDC
2092 4326 m
2205 4326 l
S
EMC
/OC /oc8 BDC
2111 4402 m
2186 4402 l
S
2111 4392 m
2186 4392 l
S
EMC
/OC /oc7 BDC
2107 4397 m
2107 4398 l
2106 4399 l
2106 4400 l
2105 4401 l
2104 4402 l
2103 4402 l
2102 4402 l
2101 4402 l
2100 4402 l
2099 4402 l
S
2096 4397 m
2096 4396 l
2097 4395 l
2097 4394 l
2098 4393 l
2099 4393 l
2100 4392 l
2101 4392 l
2102 4392 l
2103 4392 l
2104 4392 l
2104 4393 l
S
2201 4397 m
2201 4398 l
2201 4399 l
2200 4400 l
2200 4401 l
2199 4402 l
2198 4402 l
2197 4402 l
2196 4402 l
2195 4402 l
2194 4402 l
2193 4402 l
S
2191 4397 m
2191 4396 l
2191 4395 l
2192 4394 l
2192 4393 l
2193 4393 l
2194 4392 l
2195 4392 l
2196 4392 l
2197 4392 l
2198 4392 l
2199 4393 l
S
EMC
/OC /oc3 BDC
2092 4397 m
2205 4397 l
S
EMC
/OC /oc8 BDC
2111 4473 m
2186 4473 l
S
2111 4463 m
2186 4463 l
S
EMC
/OC /oc7 BDC
2107 4468 m
2107 4469 l
2106 4470 l
2106 4471 l
2105 4472 l
2104 4472 l
2104 4473 l
2103 4473 l
2102 4473 l
2101 4473 l
2100 4473 l
2099 4473 l
S
2096 4468 m
2096 4467 l
2097 4466 l
2097 4465 l
2098 4464 l
2099 4463 l
2100 4463 l
2101 4463 l
2102 4463 l
2103 4463 l
2104 4463 l
S
2201 4468 m
2201 4469 l
2201 4470 l
2200 4471 l
2200 4472 l
2199 4472 l
2198 4473 l
2197 4473 l
2196 4473 l
2195 4473 l
2194 4473 l
2193 4473 l
S
2191 4468 m
2191 4467 l
2191 4466 l
2192 4465 l
2192 4464 l
2193 4463 l
2194 4463 l
2195 4463 l
2196 4463 l
2197 4463 l
2198 4463 l
2199 4463 l
S
EMC
/OC /oc3 BDC
2092 4468 m
2205 4468 l
S
EMC
/OC /oc8 BDC
2111 4544 m
2186 4544 l
S
2111 4534 m
2186 4534 l
S
EMC
/OC /oc7 BDC
2107 4539 m
2107 4540 l
2106 4541 l
2106 4542 l
2105 4543 l
2104 4543 l
2104 4544 l
2103 4544 l
2102 4544 l
2101 4544 l
2100 4544 l
2099 4544 l
S
2096 4539 m
2096 4538 l
2096 4537 l
2097 4536 l
2098 4535 l
2099 4534 l
2100 4534 l
2101 4534 l
2102 4534 l
2103 4534 l
2104 4534 l
S
2201 4539 m
2201 4540 l
2201 4541 l
2200 4542 l
2200 4543 l
2199 4543 l
2198 4544 l
2197 4544 l
2196 4544 l
2195 4544 l
2194 4544 l
2193 4544 l
S
2191 4539 m
2191 4538 l
2191 4537 l
2191 4536 l
2192 4536 l
2192 4535 l
2193 4534 l
2194 4534 l
2195 4534 l
2196 4534 l
2197 4534 l
2198 4534 l
2199 4534 l
S
EMC
/OC /oc3 BDC
2092 4539 m
2205 4539 l
S
EMC
/OC /oc8 BDC
2111 4615 m
2186 4615 l
S
2111 4604 m
2186 4604 l
S
EMC
/OC /oc7 BDC
2107 4610 m
2107 4611 l
2106 4612 l
2106 4613 l
2105 4613 l
2104 4614 l
2104 4615 l
2103 4615 l
2102 4615 l
2101 4615 l
2100 4615 l
2099 4614 l
S
2096 4610 m
2096 4609 l
2096 4608 l
2097 4607 l
2097 4606 l
2098 4606 l
2099 4605 l
2100 4605 l
2101 4605 l
2102 4604 l
2103 4605 l
2104 4605 l
S
2201 4610 m
2201 4611 l
2201 4612 l
2200 4613 l
2199 4614 l
2198 4615 l
2197 4615 l
2196 4615 l
2195 4615 l
2194 4615 l
2193 4614 l
S
2191 4610 m
2191 4609 l
2191 4608 l
2191 4607 l
2192 4606 l
2193 4605 l
2194 4605 l
2195 4605 l
2196 4604 l
2197 4605 l
2198 4605 l
2199 4605 l
S
EMC
/OC /oc3 BDC
2092 4610 m
2205 4610 l
S
EMC
/OC /oc8 BDC
2111 4686 m
2186 4686 l
S
2111 4675 m
2186 4675 l
S
EMC
/OC /oc7 BDC
2107 4681 m
2107 4682 l
2106 4683 l
2106 4684 l
2105 4684 l
2104 4685 l
2103 4686 l
2102 4686 l
2101 4686 l
2100 4686 l
2099 4685 l
S
2096 4681 m
2096 4680 l
2096 4679 l
2097 4678 l
2097 4677 l
2098 4677 l
2099 4676 l
2100 4676 l
2101 4675 l
2102 4675 l
2103 4675 l
2104 4676 l
S
2201 4681 m
2201 4682 l
2201 4683 l
2200 4684 l
2199 4685 l
2198 4685 l
2197 4686 l
2196 4686 l
2195 4686 l
2194 4686 l
2193 4685 l
S
2191 4681 m
2191 4680 l
2191 4679 l
2191 4678 l
2192 4677 l
2193 4676 l
2194 4676 l
2195 4675 l
2196 4675 l
2197 4675 l
2198 4676 l
2199 4676 l
S
EMC
/OC /oc3 BDC
2092 4681 m
2205 4681 l
S
EMC
/OC /oc8 BDC
2111 4757 m
2186 4757 l
S
2111 4746 m
2186 4746 l
S
EMC
/OC /oc7 BDC
2107 4752 m
2107 4753 l
2106 4753 l
2106 4754 l
2105 4755 l
2104 4756 l
2103 4757 l
2102 4757 l
2101 4757 l
2100 4757 l
2099 4756 l
S
2096 4751 m
2096 4750 l
2097 4749 l
2097 4748 l
2098 4747 l
2099 4747 l
2100 4746 l
2101 4746 l
2102 4746 l
2103 4746 l
2104 4747 l
S
2201 4752 m
2201 4753 l
2200 4754 l
2200 4755 l
2199 4756 l
2198 4756 l
2197 4757 l
2196 4757 l
2195 4757 l
2194 4757 l
2193 4756 l
S
2191 4751 m
2191 4750 l
2191 4749 l
2192 4748 l
2192 4747 l
2193 4747 l
2194 4746 l
2195 4746 l
2196 4746 l
2197 4746 l
2198 4747 l
2199 4747 l
S
EMC
/OC /oc3 BDC
2092 4752 m
2205 4752 l
S
EMC
/OC /oc8 BDC
2111 4828 m
2186 4828 l
S
2111 4817 m
2186 4817 l
S
EMC
/OC /oc7 BDC
2107 4822 m
2107 4823 l
2106 4824 l
2106 4825 l
2105 4826 l
2104 4827 l
2103 4828 l
2102 4828 l
2101 4828 l
2100 4827 l
2099 4827 l
S
2096 4822 m
2096 4821 l
2097 4820 l
2097 4819 l
2098 4818 l
2099 4818 l
2100 4817 l
2101 4817 l
2102 4817 l
2103 4817 l
2104 4818 l
S
2201 4822 m
2201 4823 l
2201 4824 l
2200 4825 l
2200 4826 l
2199 4827 l
2198 4827 l
2197 4828 l
2196 4828 l
2195 4828 l
2194 4827 l
2193 4827 l
S
2191 4822 m
2191 4821 l
2191 4820 l
2192 4819 l
2192 4818 l
2193 4818 l
2194 4817 l
2195 4817 l
2196 4817 l
2197 4817 l
2198 4818 l
2199 4818 l
S
EMC
/OC /oc3 BDC
2092 4822 m
2205 4822 l
S
EMC
/OC /oc8 BDC
2111 4899 m
2186 4899 l
S
2111 4888 m
2186 4888 l
S
EMC
/OC /oc7 BDC
2107 4893 m
2107 4894 l
2106 4895 l
2106 4896 l
2105 4897 l
2104 4898 l
2103 4898 l
2102 4899 l
2101 4898 l
2100 4898 l
2099 4898 l
S
2096 4893 m
2096 4892 l
2097 4891 l
2097 4890 l
2098 4889 l
2099 4889 l
2100 4888 l
2101 4888 l
2102 4888 l
2103 4888 l
2104 4888 l
2104 4889 l
S
2201 4893 m
2201 4894 l
2201 4895 l
2200 4896 l
2200 4897 l
2199 4898 l
2198 4898 l
2197 4898 l
2196 4899 l
2195 4898 l
2194 4898 l
2193 4898 l
S
2191 4893 m
2191 4892 l
2191 4891 l
2192 4890 l
2192 4889 l
2193 4889 l
2194 4888 l
2195 4888 l
2196 4888 l
2197 4888 l
2198 4888 l
2199 4889 l
S
EMC
/OC /oc3 BDC
2092 4893 m
2205 4893 l
S
EMC
/OC /oc8 BDC
2111 4969 m
2186 4969 l
S
2111 4959 m
2186 4959 l
S
EMC
/OC /oc7 BDC
2107 4964 m
2107 4965 l
2106 4966 l
2106 4967 l
2105 4968 l
2104 4968 l
2104 4969 l
2103 4969 l
2102 4969 l
2101 4969 l
2100 4969 l
2099 4969 l
S
2096 4964 m
2096 4963 l
2097 4962 l
2097 4961 l
2098 4960 l
2099 4959 l
2100 4959 l
2101 4959 l
2102 4959 l
2103 4959 l
2104 4959 l
2104 4960 l
S
2201 4964 m
2201 4965 l
2201 4966 l
2200 4967 l
2200 4968 l
2199 4968 l
2198 4969 l
2197 4969 l
2196 4969 l
2195 4969 l
2194 4969 l
2193 4969 l
S
2191 4964 m
2191 4963 l
2191 4962 l
2192 4961 l
2192 4960 l
2193 4959 l
2194 4959 l
2195 4959 l
2196 4959 l
2197 4959 l
2198 4959 l
2199 4960 l
S
EMC
/OC /oc3 BDC
2092 4964 m
2205 4964 l
S
EMC
/OC /oc8 BDC
2111 5040 m
2186 5040 l
S
2111 5030 m
2186 5030 l
S
EMC
/OC /oc7 BDC
2107 5035 m
2107 5036 l
2106 5037 l
2106 5038 l
2105 5039 l
2104 5039 l
2104 5040 l
2103 5040 l
2102 5040 l
2101 5040 l
2100 5040 l
2099 5040 l
S
2096 5035 m
2096 5034 l
2096 5033 l
2097 5033 l
2097 5032 l
2098 5031 l
2099 5030 l
2100 5030 l
2101 5030 l
2102 5030 l
2103 5030 l
2104 5030 l
S
2201 5035 m
2201 5036 l
2201 5037 l
2200 5038 l
2200 5039 l
2199 5039 l
2198 5040 l
2197 5040 l
2196 5040 l
2195 5040 l
2194 5040 l
2193 5040 l
S
2191 5035 m
2191 5034 l
2191 5033 l
2192 5032 l
2192 5031 l
2193 5030 l
2194 5030 l
2195 5030 l
2196 5030 l
2197 5030 l
2198 5030 l
2199 5030 l
S
EMC
/OC /oc3 BDC
2092 5035 m
2205 5035 l
S
EMC
/OC /oc8 BDC
2111 5111 m
2186 5111 l
S
2111 5101 m
2186 5101 l
S
EMC
/OC /oc7 BDC
2107 5106 m
2107 5107 l
2106 5108 l
2106 5109 l
2105 5109 l
2104 5110 l
2104 5111 l
2103 5111 l
2102 5111 l
2101 5111 l
2100 5111 l
2099 5110 l
S
2096 5106 m
2096 5105 l
2096 5104 l
2097 5103 l
2098 5102 l
2099 5101 l
2100 5101 l
2101 5101 l
2102 5101 l
2103 5101 l
2104 5101 l
S
2201 5106 m
2201 5107 l
2201 5108 l
2200 5109 l
2199 5110 l
2198 5111 l
2197 5111 l
2196 5111 l
2195 5111 l
2194 5111 l
2193 5110 l
S
2191 5106 m
2191 5105 l
2191 5104 l
2191 5103 l
2192 5103 l
2192 5102 l
2193 5101 l
2194 5101 l
2195 5101 l
2196 5101 l
2197 5101 l
2198 5101 l
2199 5101 l
S
EMC
/OC /oc3 BDC
2092 5106 m
2205 5106 l
S
EMC
/OC /oc8 BDC
2111 5182 m
2186 5182 l
S
2111 5171 m
2186 5171 l
S
EMC
/OC /oc7 BDC
2107 5177 m
2107 5178 l
2106 5179 l
2106 5180 l
2105 5180 l
2104 5181 l
2104 5182 l
2103 5182 l
2102 5182 l
2101 5182 l
2100 5182 l
2099 5181 l
S
2096 5177 m
2096 5176 l
2096 5175 l
2097 5174 l
2097 5173 l
2098 5173 l
2099 5172 l
2100 5172 l
2101 5171 l
2102 5171 l
2103 5172 l
2104 5172 l
S
2201 5177 m
2201 5178 l
2201 5179 l
2200 5180 l
2199 5181 l
2198 5182 l
2197 5182 l
2196 5182 l
2195 5182 l
2194 5182 l
2193 5181 l
S
2191 5177 m
2191 5176 l
2191 5175 l
2191 5174 l
2192 5173 l
2193 5172 l
2194 5172 l
2195 5171 l
2196 5171 l
2197 5172 l
2198 5172 l
2199 5172 l
S
EMC
/OC /oc3 BDC
2092 5177 m
2205 5177 l
S
EMC
/OC /oc8 BDC
2111 5253 m
2186 5253 l
S
2111 5242 m
2186 5242 l
S
EMC
/OC /oc7 BDC
2107 5248 m
2107 5249 l
2106 5250 l
2105 5251 l
2104 5252 l
2103 5253 l
2102 5253 l
2101 5253 l
2100 5253 l
2099 5252 l
S
2096 5248 m
2096 5247 l
2096 5246 l
2097 5245 l
2097 5244 l
2098 5244 l
2099 5243 l
2100 5243 l
2101 5242 l
2102 5242 l
2103 5242 l
2104 5243 l
S
2201 5248 m
2201 5249 l
2201 5250 l
2200 5250 l
2200 5251 l
2199 5252 l
2198 5252 l
2197 5253 l
2196 5253 l
2195 5253 l
2194 5253 l
2193 5252 l
S
2191 5248 m
2191 5247 l
2191 5246 l
2191 5245 l
2192 5244 l
2193 5243 l
2194 5243 l
2195 5242 l
2196 5242 l
2197 5242 l
2198 5243 l
2199 5243 l
S
EMC
/OC /oc3 BDC
2092 5248 m
2205 5248 l
S
EMC
/OC /oc8 BDC
2111 5324 m
2186 5324 l
S
2111 5313 m
2186 5313 l
S
EMC
/OC /oc7 BDC
2107 5318 m
2107 5319 l
2106 5320 l
2106 5321 l
2105 5322 l
2104 5323 l
2103 5324 l
2102 5324 l
2101 5324 l
2100 5323 l
2099 5323 l
S
2096 5318 m
2096 5317 l
2097 5316 l
2097 5315 l
2098 5314 l
2099 5314 l
2100 5313 l
2101 5313 l
2102 5313 l
2103 5313 l
2104 5314 l
S
2201 5318 m
2201 5319 l
2201 5320 l
2200 5321 l
2200 5322 l
2199 5323 l
2198 5323 l
2197 5324 l
2196 5324 l
2195 5324 l
2194 5323 l
2193 5323 l
S
2191 5318 m
2191 5317 l
2191 5316 l
2192 5315 l
2192 5314 l
2193 5314 l
2194 5313 l
2195 5313 l
2196 5313 l
2197 5313 l
2198 5314 l
2199 5314 l
S
EMC
/OC /oc3 BDC
2092 5318 m
2205 5318 l
S
EMC
/OC /oc8 BDC
2111 5395 m
2186 5395 l
S
2111 5384 m
2186 5384 l
S
EMC
/OC /oc7 BDC
2107 5389 m
2107 5390 l
2106 5391 l
2106 5392 l
2105 5393 l
2104 5394 l
2103 5394 l
2102 5395 l
2101 5395 l
2100 5394 l
2099 5394 l
S
2096 5389 m
2096 5388 l
2097 5387 l
2097 5386 l
2098 5385 l
2099 5385 l
2100 5384 l
2101 5384 l
2102 5384 l
2103 5384 l
2104 5384 l
2104 5385 l
S
2201 5389 m
2201 5390 l
2201 5391 l
2200 5392 l
2200 5393 l
2199 5394 l
2198 5394 l
2197 5394 l
2196 5395 l
2195 5395 l
2194 5394 l
2193 5394 l
S
2191 5389 m
2191 5388 l
2191 5387 l
2192 5386 l
2192 5385 l
2193 5385 l
2194 5384 l
2195 5384 l
2196 5384 l
2197 5384 l
2198 5384 l
2199 5385 l
S
EMC
/OC /oc3 BDC
2092 5389 m
2205 5389 l
S
EMC
/OC /oc8 BDC
2111 5465 m
2186 5465 l
S
2111 5455 m
2186 5455 l
S
EMC
/OC /oc7 BDC
2107 5460 m
2107 5461 l
2106 5462 l
2106 5463 l
2105 5464 l
2104 5464 l
2104 5465 l
2103 5465 l
2102 5465 l
2101 5465 l
2100 5465 l
2099 5465 l
S
2096 5460 m
